[1, 0, 0, 0;
 0, 1, 0, 0;
 0, 0, 1, 0;
 0, 0, 0, 1]
[0.99994874, -0.0020670786, 0.0099028181, 0.0073707723;
 0.0020561586, 0.99999714, 0.0011127603, -0.0055951192;
 -0.0099050896, -0.0010923418, 0.99995035, -0.0010440537;
 0, 0, 0, 1]
[0.99974352, -0.0036504117, 0.022338241, 0.012830265;
 0.0037357551, 0.99998558, -0.0037799792, -0.0047966512;
 -0.022324122, 0.0038624615, 0.9997431, -0.0090127876;
 0, 0, 0, 1]
[0.99949563, -0.0058342936, 0.031208914, 0.018941568;
 0.0060899914, 0.99994838, -0.0081043672, -0.0056418828;
 -0.031160025, 0.0082903467, 0.99947977, -0.013350368;
 0, 0, 0, 1]
[0.99916297, -0.0097164372, 0.039726101, 0.023962498;
 0.010092516, 0.99990565, -0.0092772804, -0.0069375476;
 -0.03963222, 0.0096704578, 0.9991672, -0.017053971;
 0, 0, 0, 1]
[0.99871927, -0.012067556, 0.049123004, 0.029121883;
 0.012579571, 0.99986911, -0.010127383, -0.0087823169;
 -0.04899437, 0.010732368, 0.99874103, -0.020829666;
 0, 0, 0, 1]
[0.99818522, -0.012395732, 0.058918852, 0.033361375;
 0.013023413, 0.99986196, -0.01028133, -0.0095902225;
 -0.058783282, 0.011030004, 0.99820954, -0.024384983;
 0, 0, 0, 1]
[0.99758571, -0.013764671, 0.068060935, 0.037805192;
 0.014348722, 0.99986404, -0.0080999425, -0.01070836;
 -0.06794019, 0.0090569798, 0.99764812, -0.027907163;
 0, 0, 0, 1]
[0.99685222, -0.013723024, 0.078078188, 0.042293087;
 0.014202366, 0.99988329, -0.0055873003, -0.013391139;
 -0.077992402, 0.006678612, 0.99693149, -0.031708237;
 0, 0, 0, 1]
[0.99587655, -0.014771564, 0.089503199, 0.04625228;
 0.015175696, 0.99987733, -0.0038364462, -0.015132907;
 -0.089435548, 0.0051789023, 0.99597919, -0.035140987;
 0, 0, 0, 1]
[0.99501634, -0.023004673, 0.097017951, 0.049965706;
 0.023729723, 0.99969846, -0.0063260365, -0.0097334925;
 -0.096843176, 0.008596723, 0.99526244, -0.03870327;
 0, 0, 0, 1]
[0.99386048, -0.03307208, 0.10557926, 0.059816573;
 0.034032393, 0.99939406, -0.0073065213, -0.016970702;
 -0.10527365, 0.010854781, 0.99438405, -0.045511127;
 0, 0, 0, 1]
[0.99262893, -0.028052956, 0.11789832, 0.059486255;
 0.029388828, 0.99952209, -0.0096072089, -0.007536754;
 -0.11757245, 0.013001296, 0.99297911, -0.048908696;
 0, 0, 0, 1]
[0.99118334, -0.031830128, 0.12861495, 0.066467986;
 0.033336483, 0.99939865, -0.0095759016, -0.016716197;
 -0.12823279, 0.013779054, 0.99164832, -0.053524185;
 0, 0, 0, 1]
[0.98940969, -0.033207476, 0.14129771, 0.064200506;
 0.035633024, 0.9992578, -0.014670217, -0.0067234337;
 -0.14070562, 0.019549735, 0.98985851, -0.056272123;
 0, 0, 0, 1]
[0.98772144, -0.037619594, 0.15162756, 0.064698987;
 0.040665235, 0.99902821, -0.017034611, 0.0050693909;
 -0.15083931, 0.022991428, 0.98829114, -0.055663742;
 0, 0, 0, 1]
[0.98605829, -0.037816502, 0.16204549, 0.067173645;
 0.040422704, 0.9991011, -0.012815295, 0.0014846474;
 -0.16141511, 0.019186951, 0.98670053, -0.059069801;
 0, 0, 0, 1]
[0.9841224, -0.041937295, 0.17246526, 0.070976779;
 0.044680875, 0.99892932, -0.012055086, 0.0079876166;
 -0.17177498, 0.019569594, 0.98494208, -0.061544444;
 0, 0, 0, 1]
[0.9822706, -0.047878385, 0.18125081, 0.076749839;
 0.050794881, 0.99864382, -0.011480788, -0.0021365741;
 -0.18045525, 0.020483872, 0.98337007, -0.066510417;
 0, 0, 0, 1]
[0.98012352, -0.047481835, 0.19262183, 0.077109843;
 0.050803967, 0.99863297, -0.012341575, 0.0010909908;
 -0.19177248, 0.021882234, 0.98119563, -0.069493674;
 0, 0, 0, 1]
[0.97793561, -0.050511539, 0.20270745, 0.081735142;
 0.053387851, 0.99853617, -0.0087431539, -0.0016171339;
 -0.20196901, 0.019372368, 0.97920072, -0.073311485;
 0, 0, 0, 1]
[0.97540587, -0.052532278, 0.21406403, 0.081577517;
 0.055957504, 0.998384, -0.0099686366, 0.0060270755;
 -0.2131943, 0.021701965, 0.97676933, -0.073616132;
 0, 0, 0, 1]
[0.97223657, -0.060292762, 0.22609884, 0.084166512;
 0.064355046, 0.99787122, -0.010632336, -0.0035677813;
 -0.2249763, 0.024887752, 0.97404712, -0.077512369;
 0, 0, 0, 1]
[0.96975988, -0.065394685, 0.23513684, 0.086168669;
 0.070413925, 0.99743396, -0.013004199, -0.0036083942;
 -0.23368287, 0.029167861, 0.9718762, -0.080915242;
 0, 0, 0, 1]
[0.96716291, -0.069051042, 0.24459711, 0.087992594;
 0.074296825, 0.99716163, -0.012273898, -0.0044156052;
 -0.24305509, 0.030043658, 0.96954805, -0.083640933;
 0, 0, 0, 1]
[0.9638989, -0.073239125, 0.25599799, 0.089821622;
 0.078788765, 0.99682635, -0.01147584, -0.0065666726;
 -0.25434479, 0.031231321, 0.96661031, -0.086551279;
 0, 0, 0, 1]
[0.96077597, -0.071914583, 0.26783869, 0.089632593;
 0.077708937, 0.99691564, -0.011082126, -0.007100089;
 -0.26621529, 0.031460915, 0.96340114, -0.089083031;
 0, 0, 0, 1]
[0.95830411, -0.071072511, 0.2767702, 0.094583869;
 0.076741785, 0.99700505, -0.0096919248, -0.0059508025;
 -0.27525216, 0.030527666, 0.96088827, -0.092485845;
 0, 0, 0, 1]
[0.95442474, -0.074218161, 0.28907585, 0.094814256;
 0.080131829, 0.99674779, -0.0086590778, -0.0035534976;
 -0.28749278, 0.031428631, 0.95726788, -0.094917804;
 0, 0, 0, 1]
[0.94656855, -0.086706884, 0.31062818, 0.09238743;
 0.093373492, 0.99561036, -0.0066261273, -0.0018163348;
 -0.3086898, 0.035276536, 0.95050913, -0.096576639;
 0, 0, 0, 1]
[0.94289941, -0.090758428, 0.32047424, 0.095674798;
 0.096396431, 0.99534285, -0.0017364998, -0.0021739914;
 -0.31882381, 0.032529932, 0.94725645, -0.099820882;
 0, 0, 0, 1]
[0.93854934, -0.094141006, 0.33205807, 0.097582653;
 0.09959951, 0.99502867, 0.00058370712, -0.0035891989;
 -0.33046186, 0.032524996, 0.94325972, -0.1020097;
 0, 0, 0, 1]
[0.9330883, -0.10393947, 0.34430069, 0.096314192;
 0.11143632, 0.99377078, -0.0019982425, -0.0030639423;
 -0.34194791, 0.040232137, 0.93885827, -0.10357068;
 0, 0, 0, 1]
[0.92938447, -0.10587335, 0.35360295, 0.098914556;
 0.11324222, 0.99356848, -0.00015054201, -0.00074300775;
 -0.35131246, 0.040182699, 0.93539643, -0.10659621;
 0, 0, 0, 1]
[0.92321044, -0.11432695, 0.36689502, 0.096918434;
 0.12137561, 0.99260008, 0.003885739, -0.0014538516;
 -0.36462396, 0.04094474, 0.93025517, -0.10749631;
 0, 0, 0, 1]
[0.91825777, -0.11551756, 0.37875897, 0.1012916;
 0.12169856, 0.99253851, 0.0076695243, -0.0012970847;
 -0.37681848, 0.039051812, 0.92546451, -0.11041681;
 0, 0, 0, 1]
[0.91410458, -0.11540872, 0.38870743, 0.10178117;
 0.12123245, 0.99257863, 0.0096036848, -0.0014753162;
 -0.38693064, 0.038345166, 0.92131221, -0.11216415;
 0, 0, 0, 1]
[0.90821129, -0.12319817, 0.39996725, 0.10221719;
 0.12987122, 0.99147636, 0.010494385, 0.0012968597;
 -0.39785045, 0.042413119, 0.91647035, -0.11544602;
 0, 0, 0, 1]
[0.90374982, -0.12750608, 0.40862945, 0.10610564;
 0.13340902, 0.99096131, 0.014157053, 0.0017120645;
 -0.40674055, 0.041720442, 0.91259146, -0.11857926;
 0, 0, 0, 1]
[0.89860624, -0.12922472, 0.41929346, 0.10463853;
 0.13402338, 0.99081355, 0.018133141, 0.0047639143;
 -0.41778445, 0.039900612, 0.90767032, -0.12081677;
 0, 0, 0, 1]
[0.8923701, -0.13981239, 0.42910033, 0.10862122;
 0.14360778, 0.98935205, 0.023705602, 0.005769521;
 -0.42784506, 0.040468015, 0.90294635, -0.12460989;
 0, 0, 0, 1]
[0.88708764, -0.14469345, 0.43833652, 0.11076048;
 0.14751337, 0.98866993, 0.027824618, 0.0075306916;
 -0.43739575, 0.039977655, 0.89838082, -0.12798524;
 0, 0, 0, 1]
[0.88031012, -0.15289655, 0.44908392, 0.11345484;
 0.15431057, 0.98744869, 0.033704501, 0.0085069453;
 -0.44860029, 0.039628014, 0.89285415, -0.13111754;
 0, 0, 0, 1]
[0.87578386, -0.15678385, 0.45653164, 0.11540428;
 0.1563195, 0.9869352, 0.03906234, 0.0094020478;
 -0.45669106, 0.037154663, 0.88884991, -0.13433588;
 0, 0, 0, 1]
[0.86965162, -0.16388051, 0.46567038, 0.11663099;
 0.1622036, 0.9857772, 0.043998644, 0.013299463;
 -0.46625739, 0.037269946, 0.88386434, -0.13855587;
 0, 0, 0, 1]
[0.86391521, -0.17313214, 0.47294325, 0.12026494;
 0.16940451, 0.98423487, 0.050854683, 0.012158404;
 -0.47429147, 0.036184616, 0.87962461, -0.14231706;
 0, 0, 0, 1]
[0.8591795, -0.17602006, 0.48044449, 0.12102885;
 0.1718154, 0.98369628, 0.053137802, 0.017443653;
 -0.48196432, 0.036892898, 0.87541455, -0.14741912;
 0, 0, 0, 1]
[0.85327452, -0.17890424, 0.48981136, 0.12229428;
 0.17370185, 0.98317677, 0.056509353, 0.02106823;
 -0.4916805, 0.036863193, 0.86999583, -0.15257291;
 0, 0, 0, 1]
[0.84682417, -0.18296634, 0.49941096, 0.124731;
 0.17685786, 0.98240542, 0.060029339, 0.024578869;
 -0.50160688, 0.037490509, 0.86428368, -0.15752335;
 0, 0, 0, 1]
[0.84308761, -0.187636, 0.50397933, 0.1281617;
 0.17811392, 0.98169118, 0.067531891, 0.0018984266;
 -0.50742304, 0.032830477, 0.86107212, -0.16496603;
 0, 0, 0, 1]
